828
3309
4849
4337
502
1709
3285
543
3577
1519
3465
1706
1418
1610
1774
1156
3267
1215
2257
4139
2213
886
2938
1731
1358
2882
1584
1887
3015
2437
3448
4380
3345
2566
2324
1989
4904
1126
4978
4575
2815
4706
1605
1925
1561
1297
1412
3863
90
4484
1866
2625
3497
4188
789
3286
1897
3336
3014
2011
1259
3273
1572
2775
4692
2890
4487
3155
2347
716
4351
1396
688
1472
1960
4535
3471
3994
3310
3646
2557
3154
636
3914
240
4432
1553
3853
3168
2067
20
4393
4362
3207
2477
3013
3736
2825
3096
3848
1785
4592
1207
3282
1929
1864
12
4628
4942
223
779
3713
1695
4558
2526
2467
2259
984
182
4972
3094
4943
3639
992
2402
1962
272
1937
4806
1886
1940
529
4388
2504
1866
475
4121
4163
4452
1699
16
873
2156
1525
559
3007
4855
2138
1577
444
4229
2528
1584
392
1057
4861
2084
2843
4913
3876
3818
564
4410
4385
4056
1006
651
176
986
1764
36
3332
2446
2959
2383
2517
4044
140
3872
2431
4249
635
1076
4046
934
212
3943
1171
2553
4631
4006
4171
1100
684
630
101
3120
942
3484
1562
1079
496
2128
3779
1441
1241
913
1263
1381
819
40
4525
529
4913
523
4843
2007
1647
4153
4581
1695
2703
4797
3353
884
636
3333
1583
1142
2044
4434
3261
4191
1761
3380
4595
486
3542
1052
167
2507
597
2804
2303
152
4863
4288
3747
1696
4429
485
4829
2552
62
2284
1710
3874
2207
4686
2403
926
3061
513
4517
3118
226
3180
1051
2260
3034
3325
4949
3711
4197
2750
1821
1115
3902
235
3045
2472
4883
4318
1616
1266
1002
3642
104
1432
1132
2828
2896
1108
1763
3679
1011
4979
4436
4463
152
1975
785
3941
786
3560
1085
4552
2013
3124
4364
3273
397
4833
4236
43
4083
2460
2309
1063
4698
1024
1191
2263
1931
2012
4580
259
2425
2269
363
2983
3904
1329
3229
3471
2021
4943
4107
4147
4559
1601
342
467
240
4538
3895
1925
4001
3231
2216
3778
693
3824
1111
3513
525
3017
3178
2534
17
645
4712
416
3473
2836
155
4499
3448
2663
1626
634
1450
585
1494
1436
3919
1890
4624
556
4144
3364
228
1311
4241
1856
4016
1237
3147
4327
957
3746
2875
3927
4179
2513
4783
424
103
3560
4792
4139
1171
328
975
2350
3615
3224
4981
31
3638
3076
2976
342
1544
2004
3186
4783
4862
4464
4381
3151
3898
4613
2254
2513
1049
4162
2872
1756
4139
4330
1613
1301
4450
126
2595
3805
428
2215
2839
3878
2587
1479
3631
4351
1947
3684
1994
790
3229
75
3354
542
2518
3776
900
1476
4295
3579
3026
2608
1135
403
4112
2667
2751
512
3082
3009
4231
4836
2195
1373
4705
596
4069
1906
3676
333
2232
2566
2813
3873
4792
1200
1420
1029
3688
374
4115
423
1530
1260
3229
4872
125
3811
4146
1833
4865
195
2649
1448
353
2094
2115
1077
835
1008
631
413
3845
1380
2110
4341
4819
1789
1761
2902
2131
3607
3530
1164
947
2058
4941
2397
2199
140
1936
658
4429
20
1588
1891
4514
1223
4220
784
1374
1241
4716
2179
2205
2527
1276
1745
2422
4452
841
288
2472
2843
785
811
2676
3838
2135
4964
3534
2519
4301
2104
3125
1945
3844
798
355
2770
3114
2677
3917
4785
1334
3587
3197
1937
2742
405
1436
4888
961
1707
968
2984
4221
622
1676
1451
104
2636
3343
25
4391
2433
1665
3544
2703
1568
4240
2185
1314
554
1517
558
4531
4877
2410
2471
233
3318
212
3658
1466
3356
1605
1697
1197
4858
2899
1269
984
3450
221
3602
3139
1605
2302
883
248
2187
983
173
1843
4751
2529
1091
4265
4723
2839
213
418
2548
300
319
4013
4964
3845
1368
933
3896
3285
2056
4078
1733
4250
772
3832
909
4074
1965
2071
4272
1469
3487
56
1792
4433
177
3252
3028
2166
1314
3312
4009
1762
4167
4269
4494
3735
2308
1041
2488
4362
185
1094
4535
1894
2718
2010
3095
4541
2908
1343
758
2887
1875
582
4127
3420
1190
2168
4896
665
1866
4208
2871
3402
1784
4434
4531
401
2547
4769
3009
152
680
192
2937
4480
3280
2313
1456
1440
2692
2580
2156
634
810
203
2383
3625
4866
4769
2112
3270
3866
3452
2699
1183
3979
2551
1483
1043
3210
754
4735
3183
3284
4216
4778
3219
1996
3345
4767
1447
4748
2638
2034
1517
4516
2336
2751
998
2941
1813
195
3818
2598
4783
4823
3106
4931
1902
3238
2178
2674
4924
2149
3852
1567
453
788
4376
1537
1660
3121
2661
2697
3386
4369
1907
64
4033
114
3091
2234
2062
2234
4603
4479
468
4758
1029
253
538
4649
1396
3916
1802
1104
4022
799
3698
4368
4287
855
2234
2189
269
1206
2138
338
1169
326
2497
3277
3024
2691
374
3110
818
4013
3769
4127
4053
4018
1197
3885
974
2390
1589
3377
2133
2386
325
639
1050
3516
4990
4713
2615
3164
3346
886
2670
3876
1264
902
943
4983
3778
2749
190
2380
4715
4365
2916
4193
4585
1771
1433
1356
1930
2753
4755
709
3508
2681
3608
1740
2685
1753
2529
4611
707
3514
172
4553
4860
3178
737
264
4604
4850
2438
139
1900
1654
760
3775
2214
3237
1624
3040
2172
2142
3607
4301
1773
2004
1553
2918
1535
765
2613
1040
2043
2758
2904
608
4738
3036
2622
2597
1110
651
3541
1344
868
3022
3914
1897
2618
3490
903
1684
687
3665
1156
1725
4466
3216
3107
3838
1143
1686
3476
3506
3115
362
2705
3884
2883
3003
1473
4667
1542
3020
1602
4123
4099
3448
4256
1971
3345
4371
892
185
2253
2084
4810
3963
2429
4401
847
3166
2133
1388
4901
884
4456
2852
3114
4806
2459
4356
4953
2342
1937
4856
4702
4020
4897
2136
942
2893
374
2045
685
